10,133
10,153
10,250
10,95
10,277
10,23
10,2
11,25
9,7
9,6
8,12
8,8
8,11
8,18
139,5
139,4
139,3
139,2
139,1
139,0
138,4
138,3
138,2
138,1
138,0
137,4
137,3
137,2
137,1
137,0
136,4
136,3
136,2
136,1
136,0
135,3
135,2
135,1
135,0
20,3
20,2
20,1
19,3
19,2
19,1
12,3
12,2
12,1
11,30
11,28
11,27
11,26
11,24
11,23
11,22
11,20
11,19
11,17
11,16
11,15
11,13
11,12
11,11
11,10
11,9
11,6
11,5
11,4
11,3
11,2
11,1
10,314
10,302
10,298
10,296
10,295
10,294
10,292
10,290
10,286
10,281
10,269
10,260
10,256
10,245
10,237
18,1
10,234
10,224
18,3
10,210
10,202
14,1
10,201
14,3
10,175
13,1
10,166
13,3
10,151
10,148
10,144
10,139
10,138
10,134
10,129
10,116
10,101
10,84
10,75
10,74
10,21
10,18
10,15
10,1
10,8
10,3
